0.000000000000000000e+00 0.000000000000000000e+00
2.855993321445266520e-01 -1.231244358395173544e+00
5.711986642890533039e-01 -1.800962694823232457e+00
8.567979964335799004e-01 -1.943895311162688211e+00
1.142397328578106608e+00 -1.972898537968091448e+00
1.427996660722633315e+00 -1.979979475710925474e+00
1.713595992867159801e+00 -1.983157795696388170e+00
1.999195325011686508e+00 -1.985626663729435970e+00
2.284794657156213216e+00 -1.988017598044288903e+00
2.570393989300739701e+00 -1.990407419107811160e+00
2.855993321445266631e+00 -1.992799292226569374e+00
3.141592653589793116e+00 -2.000000000000000000e+00
