0.000000000000000000e+00 0.000000000000000000e+00
2.855993321445266520e-01 -1.028283754493148239e+00
5.711986642890533039e-01 -1.590011155626637862e+00
8.567979964335799004e-01 -1.832444581242375525e+00
1.142397328578106608e+00 -1.928415610682843839e+00
1.427996660722633315e+00 -1.965591721298499461e+00
1.713595992867159801e+00 -1.980707088137929839e+00
1.999195325011686508e+00 -1.987649548610793682e+00
2.284794657156213216e+00 -1.991577243738481107e+00
2.570393989300739701e+00 -1.994413574163361735e+00
2.855993321445266631e+00 -1.996852264287893197e+00
3.141592653589793116e+00 -2.000000000000000000e+00
