0.000000000000000000e+00 0.000000000000000000e+00
2.855993321445266520e-01 -4.962139502574465233e+00
5.711986642890533039e-01 -6.270790100540567735e+00
8.567979964335799004e-01 -7.188289737179500705e+00
1.142397328578106608e+00 -7.866678285179418140e+00
1.427996660722633315e+00 -8.385445506089618917e+00
1.713595992867159801e+00 -8.790903563636824458e+00
1.999195325011686508e+00 -9.112233758683780493e+00
2.284794657156213216e+00 -9.368846058708985680e+00
2.570393989300739701e+00 -9.574171615013758796e+00
2.855993321445266631e+00 -9.737848002739919906e+00
3.141592653589793116e+00 -1.000000000000000000e+01
